1.037988925318365230e-01
1.029318568255052080e-01
1.022648984896459973e-01
1.018049385442908322e-01
9.968113402469515327e-02
9.902355753389469051e-02
1.037276323456338550e-01
9.996634213336226538e-02
1.046060701327694992e-01
1.030756811847118593e-01
1.018560631899560892e-01
9.915725518414471307e-02
1.019927978052679596e-01
1.042626334849384162e-01
1.015179512885962809e-01
1.011998261975536467e-01
1.030420117450171480e-01
1.047581762512843628e-01
9.945103583003730985e-02
1.047772224598055024e-01
